[gd_scene load_steps=23 format=3 uid="uid://b8vw12uqktt5t"]

[ext_resource type="PackedScene" uid="uid://bjpgee28aep1c" path="res://models/Player.blend" id="1_e1lph"]
[ext_resource type="Script" path="res://scripts/player/ragdoll.gd" id="2_45k2a"]

[sub_resource type="CapsuleShape3D" id="CapsuleShape3D_1bsx4"]
radius = 8.47004
height = 16.9401

[sub_resource type="CapsuleShape3D" id="CapsuleShape3D_3yvw3"]
radius = 2.48494
height = 10.239

[sub_resource type="CapsuleShape3D" id="CapsuleShape3D_f6ct0"]
radius = 1.19239
height = 11.9239

[sub_resource type="CapsuleShape3D" id="CapsuleShape3D_j3u04"]
radius = 15.0409
height = 30.0819

[sub_resource type="CapsuleShape3D" id="CapsuleShape3D_osvyc"]
radius = 1.39267
height = 13.9267

[sub_resource type="CapsuleShape3D" id="CapsuleShape3D_3osbm"]
radius = 1.5813
height = 15.813

[sub_resource type="CapsuleShape3D" id="CapsuleShape3D_0kwvx"]
radius = 1.45494
height = 14.5494

[sub_resource type="CapsuleShape3D" id="CapsuleShape3D_rv6st"]
radius = 2.50318
height = 10.7709

[sub_resource type="CapsuleShape3D" id="CapsuleShape3D_8cj57"]
radius = 1.46955
height = 14.6955

[sub_resource type="CapsuleShape3D" id="CapsuleShape3D_qb0qh"]
radius = 1.58114
height = 15.8114

[sub_resource type="CapsuleShape3D" id="CapsuleShape3D_2vj0r"]
radius = 1.44901
height = 14.4901

[sub_resource type="CapsuleShape3D" id="CapsuleShape3D_xewvg"]
radius = 2.26866
height = 13.726

[sub_resource type="CapsuleShape3D" id="CapsuleShape3D_yee4c"]
radius = 3.7585
height = 24.6304

[sub_resource type="CapsuleShape3D" id="CapsuleShape3D_8bdk7"]
radius = 3.57708
height = 30.0772

[sub_resource type="CapsuleShape3D" id="CapsuleShape3D_dsnoo"]
radius = 2.02029
height = 20.2029

[sub_resource type="CapsuleShape3D" id="CapsuleShape3D_pmj3q"]
radius = 2.81922
height = 11.8259

[sub_resource type="CapsuleShape3D" id="CapsuleShape3D_s5ipd"]
radius = 3.7509
height = 23.8619

[sub_resource type="CapsuleShape3D" id="CapsuleShape3D_q1ayg"]
radius = 3.31373
height = 33.1373

[sub_resource type="CapsuleShape3D" id="CapsuleShape3D_2otmq"]
radius = 2.24815
height = 16.4877

[sub_resource type="CapsuleShape3D" id="CapsuleShape3D_6nso5"]
radius = 2.74481
height = 21.3416

[node name="Ragdoll" instance=ExtResource("1_e1lph")]
script = ExtResource("2_45k2a")

[node name="Armature" parent="." index="0"]
transform = Transform3D(1, 0, 0, 0, -4.37114e-08, -1, 0, 1, -4.37114e-08, 0, 0, 0)

[node name="Skeleton3D" parent="Armature" index="0"]
bones/0/rotation = Quaternion(-0.710469, -0.044919, 0.012798, 0.702177)
bones/0/scale = Vector3(1, 1, 1)
bones/1/scale = Vector3(1, 1, 1)
bones/2/rotation = Quaternion(0.0212324, 0.0108363, 0.026444, 0.999366)
bones/4/rotation = Quaternion(-0.060009, 0.00176417, -0.00307497, 0.998192)
bones/5/rotation = Quaternion(0.0373617, 0.00638373, -0.0401712, 0.998474)
bones/6/rotation = Quaternion(0.623538, 0.365477, -0.56938, 0.391706)
bones/6/scale = Vector3(1, 1, 1)
bones/7/rotation = Quaternion(0.309578, 0.0367655, 0.219426, 0.924479)
bones/7/scale = Vector3(1, 1, 1)
bones/8/rotation = Quaternion(0.704672, -0.206807, -0.55557, -0.389885)
bones/9/rotation = Quaternion(-0.240551, -0.681691, 0.0910378, 0.684942)
bones/9/scale = Vector3(1, 1, 1)
bones/10/scale = Vector3(1, 1, 1)
bones/11/rotation = Quaternion(-0.0373968, 0.0179957, 0.0741303, 0.996385)
bones/12/rotation = Quaternion(0.000308056, -0.0236671, 0.028878, 0.999303)
bones/13/rotation = Quaternion(-4.01633e-09, -1.19209e-07, 1.06578e-07, 1)
bones/14/rotation = Quaternion(0.123267, -0.0672082, -0.15549, 0.977809)
bones/15/rotation = Quaternion(0.533186, -0.0466924, -0.264439, 0.80225)
bones/15/scale = Vector3(1, 1, 1)
bones/16/rotation = Quaternion(0.242914, 0.0828838, -0.474253, 0.842144)
bones/16/scale = Vector3(1, 1, 1)
bones/18/rotation = Quaternion(0.0985257, -0.0079921, -0.232368, 0.967592)
bones/19/rotation = Quaternion(0.660751, 0.210795, -0.117102, 0.710817)
bones/20/scale = Vector3(1, 1, 1)
bones/21/rotation = Quaternion(0.418215, -0.109771, 0.315335, 0.844755)
bones/22/rotation = Quaternion(0.585855, -0.42223, 0.548227, 0.421834)
bones/23/rotation = Quaternion(0.437611, -0.252872, -0.00792982, 0.862838)
bones/23/scale = Vector3(1, 1, 1)
bones/24/rotation = Quaternion(0.579699, -0.0972247, 0.752155, -0.297927)
bones/25/rotation = Quaternion(-0.0382902, 0.286583, -0.0903823, 0.953014)
bones/25/scale = Vector3(1, 1, 1)
bones/26/rotation = Quaternion(0.201342, 0.0929915, 0.127192, 0.966766)
bones/26/scale = Vector3(1, 1, 1)
bones/27/rotation = Quaternion(-0.0254155, -0.0189544, -0.0586387, 0.997776)
bones/28/rotation = Quaternion(2.4182e-05, 0.0277663, 0.000742866, 0.999614)
bones/28/scale = Vector3(1, 1, 1)
bones/29/rotation = Quaternion(5.08968e-07, -4.11645e-07, -1.47149e-07, 1)
bones/30/rotation = Quaternion(0.193446, 0.0729451, 0.170159, 0.963485)
bones/30/scale = Vector3(1, 1, 1)
bones/31/scale = Vector3(1, 1, 1)
bones/32/rotation = Quaternion(0.148438, 0.174975, 0.380212, 0.895984)
bones/32/scale = Vector3(1, 1, 1)
bones/33/rotation = Quaternion(0.0939201, -0.0142473, 0.131047, 0.986814)
bones/34/rotation = Quaternion(0.146257, 0.00445671, 0.188949, 0.971024)
bones/35/scale = Vector3(1, 1, 1)
bones/36/scale = Vector3(1, 1, 1)
bones/37/rotation = Quaternion(0.174272, 0.386726, 0.35049, 0.835002)
bones/38/rotation = Quaternion(0.00144163, 0.117404, 0.988144, -0.0989253)
bones/39/rotation = Quaternion(-0.18725, -0.0391645, -0.0393177, 0.980744)
bones/40/rotation = Quaternion(0.370442, -0.0906075, 0.103985, 0.918559)
bones/41/scale = Vector3(1, 1, 1)
bones/43/rotation = Quaternion(-0.0380046, -0.0237733, 0.998316, 0.0368332)
bones/43/scale = Vector3(1.00001, 1, 1.00001)
bones/44/rotation = Quaternion(-0.101053, 0.0228105, 0.116601, 0.987761)
bones/44/scale = Vector3(1, 1, 1)
bones/45/rotation = Quaternion(0.384744, 0.0313036, -0.273756, 0.880937)
bones/45/scale = Vector3(1, 1, 1)
bones/46/rotation = Quaternion(0.473504, 0.0714138, 0.0647641, 0.8755)
bones/46/scale = Vector3(1, 1, 1)

[node name="Player" parent="Armature/Skeleton3D" index="0"]
transform = Transform3D(0.012, 0, 0, 0, 0.012, 1.27897e-16, 0, -1.27897e-16, 0.012, -0.179946, 0, 0)

[node name="Physical Bone Hips" type="PhysicalBone3D" parent="Armature/Skeleton3D" index="1"]
transform = Transform3D(0.995638, 0.0458358, -0.0812711, 0.0818031, -0.00985119, 0.9966, 0.0448794, -0.9989, -0.0135577, 3.75412, -0.614728, -85.6118)
collision_layer = 0
joint_offset = Transform3D(1, 0, 0, 0, 1, 0, 0, 0, 1, -0.000217222, 0.00570902, -0.000192459)
body_offset = Transform3D(0.99999, -4.33094e-06, -1.51992e-06, 1.75892e-05, 0.99961, 6.53788e-07, 3.28571e-06, 1.00778e-05, 1.00001, 0.000217244, -0.00570679, 0.000192404)
bone_name = "Hips"

[node name="CollisionShape3D" type="CollisionShape3D" parent="Armature/Skeleton3D/Physical Bone Hips" index="0"]
transform = Transform3D(-4.37114e-08, 1, 0, -1, -4.37114e-08, 0, 0, 0, 1, 0, 0, 0)
shape = SubResource("CapsuleShape3D_1bsx4")

[node name="Physical Bone SpineCenter" type="PhysicalBone3D" parent="Armature/Skeleton3D" index="2"]
transform = Transform3D(0.998405, -0.031791, -0.0466548, 0.0462962, -0.0119229, 0.998857, -0.0323109, -0.999423, -0.010432, 4.37489, -1.64939, -102.812)
collision_layer = 0
joint_type = 3
joint_offset = Transform3D(1, 0, 0, 0, 1, 0, 0, 0, 1, -0.000568886, -0.0153961, -0.000839688)
body_offset = Transform3D(0.999332, -7.94238e-06, 7.87154e-06, -4.93071e-06, 0.998016, -4.65382e-06, 2.40542e-05, -2.83495e-06, 0.999707, 0.00056839, 0.0153656, 0.000839412)
bone_name = "SpineCenter"
joint_constraints/angular_limit_enabled = true
joint_constraints/angular_limit_upper = 50.0
joint_constraints/angular_limit_lower = -50.0
joint_constraints/angular_limit_bias = 0.3
joint_constraints/angular_limit_softness = 0.9
joint_constraints/angular_limit_relaxation = 1.0

[node name="CollisionShape3D" type="CollisionShape3D" parent="Armature/Skeleton3D/Physical Bone SpineCenter" index="0"]
shape = SubResource("CapsuleShape3D_3yvw3")

[node name="Physical Bone SpineUp" type="PhysicalBone3D" parent="Armature/Skeleton3D" index="3"]
transform = Transform3D(0.996041, -0.0860042, -0.022501, 0.0250505, 0.0286803, 0.999275, -0.0852965, -0.995882, 0.0307212, 4.03782, -1.77645, -113.389)
collision_layer = 0
joint_type = 3
joint_offset = Transform3D(1, 0, 0, 0, 1, 0, 0, 0, 1, 2.28964e-05, 2.29545e-05, 4.09952e-05)
body_offset = Transform3D(0.999588, 7.10223e-05, -9.21264e-06, -3.60213e-05, 0.997128, 1.19545e-05, 2.86475e-06, 3.48296e-05, 1.00029, -2.28882e-05, -2.28882e-05, -4.1008e-05)
bone_name = "SpineUp"
joint_constraints/angular_limit_enabled = true
joint_constraints/angular_limit_upper = 40.0
joint_constraints/angular_limit_lower = -40.0
joint_constraints/angular_limit_bias = 0.3
joint_constraints/angular_limit_softness = 0.9
joint_constraints/angular_limit_relaxation = 1.0

[node name="CollisionShape3D" type="CollisionShape3D" parent="Armature/Skeleton3D/Physical Bone SpineUp" index="0"]
transform = Transform3D(1, 2.3278e-10, -4.86011e-12, -2.32831e-10, 0.999782, -0.0208727, 3.00975e-16, 0.0208727, 0.999782, -9.53674e-07, 9.17044, 0.191453)
shape = SubResource("CapsuleShape3D_f6ct0")

[node name="Physical Bone Neck" type="PhysicalBone3D" parent="Armature/Skeleton3D" index="4"]
transform = Transform3D(0.99663, -0.0768201, -0.0287704, 0.0217151, -0.0911465, 0.995601, -0.0791045, -0.99287, -0.0891711, 3.01254, -1.43523, -125.264)
collision_layer = 0
joint_type = 3
joint_offset = Transform3D(1, 0, 0, 0, 1, 0, 0, 0, 1, -0.000612259, 2.2889e-05, 0.000393867)
body_offset = Transform3D(1, -3.69526e-06, 7.45058e-08, 1.79722e-06, 0.999987, 1.49012e-06, -2.12342e-07, -7.62194e-06, 1, 0.000612259, -2.28882e-05, -0.000393867)
bone_name = "Neck"
joint_constraints/angular_limit_enabled = true
joint_constraints/angular_limit_upper = 40.0
joint_constraints/angular_limit_lower = -40.0
joint_constraints/angular_limit_bias = 0.3
joint_constraints/angular_limit_softness = 0.9
joint_constraints/angular_limit_relaxation = 1.0

[node name="CollisionShape3D" type="CollisionShape3D" parent="Armature/Skeleton3D/Physical Bone Neck" index="0"]
transform = Transform3D(1, -9.31325e-09, 9.09495e-13, -4.23516e-22, -4.37116e-08, 1, -9.31323e-09, -1, -4.37058e-08, 0, 0, 0)
shape = SubResource("CapsuleShape3D_j3u04")

[node name="Physical Bone LeftShoulder" type="PhysicalBone3D" parent="Armature/Skeleton3D" index="5"]
transform = Transform3D(0.105715, 0.933289, -0.343216, -0.993263, 0.0826319, -0.0812405, -0.0474603, 0.349492, 0.935737, 8.72117, -1.50381, -123.301)
collision_layer = 0
joint_type = 3
joint_offset = Transform3D(1, 0, 0, 0, 1, 0, 0, 0, 1, -1.14442e-05, 6.86635e-05, 0.00013733)
body_offset = Transform3D(1, -5.73695e-07, 1.13994e-06, -8.9407e-08, 1.00002, -1.7602e-06, 9.90927e-07, -1.80025e-06, 0.999994, 1.14441e-05, -6.86646e-05, -0.000137329)
bone_name = "LeftShoulder"
joint_constraints/angular_limit_enabled = true
joint_constraints/angular_limit_upper = 40.0
joint_constraints/angular_limit_lower = -40.0
joint_constraints/angular_limit_bias = 0.3
joint_constraints/angular_limit_softness = 0.9
joint_constraints/angular_limit_relaxation = 1.0

[node name="CollisionShape3D" type="CollisionShape3D" parent="Armature/Skeleton3D/Physical Bone LeftShoulder" index="0"]
transform = Transform3D(0.976929, 0.168019, -0.131828, 0.142219, -0.0513356, 0.988503, 0.15932, -0.984446, -0.0740467, -3.22861, 1.64453, 4.96384)
shape = SubResource("CapsuleShape3D_osvyc")

[node name="Physical Bone LeftArm" type="PhysicalBone3D" parent="Armature/Skeleton3D" index="6"]
transform = Transform3D(0.47184, 0.422047, -0.774108, -0.86504, 0.39139, -0.313878, 0.170507, 0.817735, 0.549761, 20.6422, 4.58322, -119.455)
collision_layer = 0
joint_type = 3
joint_offset = Transform3D(1, 0, 0, 0, 1, 0, 0, 0, 1, 5.53131e-05, -9.15529e-05, -8.39233e-05)
body_offset = Transform3D(1, 2.11596e-06, -2.5034e-06, 1.3113e-06, 1, -1.05798e-06, 1.49012e-06, 1.48267e-06, 1, -5.53131e-05, 9.15527e-05, 8.39233e-05)
bone_name = "LeftArm"
joint_constraints/angular_limit_enabled = true
joint_constraints/angular_limit_upper = 40.0
joint_constraints/angular_limit_lower = -40.0
joint_constraints/angular_limit_bias = 0.3
joint_constraints/angular_limit_softness = 0.9
joint_constraints/angular_limit_relaxation = 1.0

[node name="CollisionShape3D" type="CollisionShape3D" parent="Armature/Skeleton3D/Physical Bone LeftArm" index="0"]
transform = Transform3D(0.362394, -0.0545976, 0.930425, 0.0996372, 0.994831, 0.019569, -0.926684, 0.0856132, 0.365961, -0.902054, 4.85508, -1.73254)
shape = SubResource("CapsuleShape3D_3osbm")

[node name="Physical Bone LeftForeArm" type="PhysicalBone3D" parent="Armature/Skeleton3D" index="7"]
transform = Transform3D(0.930984, -0.352093, 0.0964305, 0.0948173, 0.488302, 0.867508, -0.352531, -0.798493, 0.487986, 27.3159, 10.7711, -106.525)
collision_layer = 0
joint_type = 3
joint_offset = Transform3D(1, 0, 0, 0, 1, 0, 0, 0, 1, 0.000197252, 0.000339816, 0.00106374)
body_offset = Transform3D(1, -1.5609e-06, 0.00104614, -9.90927e-07, 1.00001, -0.00387889, -5.36442e-07, 1.69873e-06, 1.02204, -0.000198364, -0.000335693, -0.00108719)
bone_name = "LeftForeArm"
joint_constraints/angular_limit_enabled = false
joint_constraints/angular_limit_upper = 40.0
joint_constraints/angular_limit_lower = -40.0
joint_constraints/angular_limit_bias = 0.3
joint_constraints/angular_limit_softness = 0.9
joint_constraints/angular_limit_relaxation = 1.0

[node name="CollisionShape3D" type="CollisionShape3D" parent="Armature/Skeleton3D/Physical Bone LeftForeArm" index="0"]
transform = Transform3D(-0.731354, -0.119625, 0.671425, 0.115373, -0.992009, -0.0510708, 0.672168, 0.0401135, 0.739311, -0.345456, 7.55044, 1.09631)
shape = SubResource("CapsuleShape3D_0kwvx")

[node name="Physical Bone LeftHand" type="PhysicalBone3D" parent="Armature/Skeleton3D" index="8"]
transform = Transform3D(-0.0232656, -0.160028, -0.986838, 0.998279, 0.0494253, -0.0315502, 0.0538237, -0.985874, 0.158603, 22.1933, 17.8766, -118.142)
collision_layer = 0
joint_type = 3
joint_offset = Transform3D(1, 0, 0, 0, 1, 0, 0, 0, 1, 8.583e-05, 3.05174e-05, -7.2479e-05)
body_offset = Transform3D(1.00001, -3.03984e-06, 1.51247e-06, 6.85453e-07, 1.00001, 2.84635e-06, -7.33882e-07, -3.47442e-06, 1, -8.58307e-05, -3.05176e-05, 7.24792e-05)
bone_name = "LeftHand"
joint_constraints/angular_limit_enabled = false
joint_constraints/angular_limit_upper = 40.0
joint_constraints/angular_limit_lower = -40.0
joint_constraints/angular_limit_bias = 0.3
joint_constraints/angular_limit_softness = 0.9
joint_constraints/angular_limit_relaxation = 1.0

[node name="CollisionShape3D" type="CollisionShape3D" parent="Armature/Skeleton3D/Physical Bone LeftHand" index="0"]
transform = Transform3D(0.875182, -0.0136832, 0.4836, -0.0956307, -0.98477, 0.145202, 0.474248, -0.173325, -0.863161, -0.0557632, 6.052, 2.88853)
shape = SubResource("CapsuleShape3D_rv6st")

[node name="Physical Bone RightShoulder" type="PhysicalBone3D" parent="Armature/Skeleton3D" index="9"]
transform = Transform3D(0.0224729, -0.929435, 0.368301, 0.997999, -0.000921858, -0.0632221, 0.0591003, 0.368985, 0.927555, -2.26818, -1.80412, -122.361)
collision_layer = 0
joint_type = 3
joint_offset = Transform3D(1, 0, 0, 0, 1, 0, 0, 0, 1, 4.48248e-05, 0.000866109, -0.00147244)
body_offset = Transform3D(0.999952, -1.30321e-06, -8.19564e-07, -1.96957e-06, 0.9998, -2.45e-07, -5.98282e-06, -3.52991e-05, 1, -4.48227e-05, -0.000865936, 0.00147247)
bone_name = "RightShoulder"
joint_constraints/angular_limit_enabled = false
joint_constraints/angular_limit_upper = 40.0
joint_constraints/angular_limit_lower = -40.0
joint_constraints/angular_limit_bias = 0.3
joint_constraints/angular_limit_softness = 0.9
joint_constraints/angular_limit_relaxation = 1.0

[node name="CollisionShape3D" type="CollisionShape3D" parent="Armature/Skeleton3D/Physical Bone RightShoulder" index="0"]
transform = Transform3D(1, -1.86265e-09, -8.1419e-17, 0, -4.37114e-08, 1, -1.86265e-09, -1, -4.37114e-08, -0.485477, 0.963753, 8.21557)
shape = SubResource("CapsuleShape3D_8cj57")

[node name="Physical Bone RightArm" type="PhysicalBone3D" parent="Armature/Skeleton3D" index="10"]
transform = Transform3D(0.396193, -0.298363, 0.868338, 0.843303, -0.255794, -0.472662, 0.363141, 0.919537, 0.150267, -16.4268, -2.45426, -118.477)
collision_layer = 0
joint_type = 3
joint_offset = Transform3D(1, 0, 0, 0, 1, 0, 0, 0, 1, -0.00114441, 0.000999459, 0.000467308)
body_offset = Transform3D(1, 4.47035e-07, -5.96046e-08, 1.81794e-06, 0.999994, -4.99189e-07, 4.97699e-06, 6.78003e-07, 0.999993, 0.00114441, -0.000999451, -0.0004673)
bone_name = "RightArm"
joint_constraints/angular_limit_enabled = true
joint_constraints/angular_limit_upper = 40.0
joint_constraints/angular_limit_lower = -40.0
joint_constraints/angular_limit_bias = 0.3
joint_constraints/angular_limit_softness = 0.9
joint_constraints/angular_limit_relaxation = 1.0

[node name="CollisionShape3D" type="CollisionShape3D" parent="Armature/Skeleton3D/Physical Bone RightArm" index="0"]
transform = Transform3D(0.450641, -0.0753635, 0.889518, 0.0588421, 0.996771, 0.0546402, -0.890764, 0.027718, 0.45362, 0.639542, 0.87545, 0.0269623)
shape = SubResource("CapsuleShape3D_qb0qh")

[node name="Physical Bone RightForeArm" type="PhysicalBone3D" parent="Armature/Skeleton3D" index="11"]
transform = Transform3D(0.814699, -0.0542695, 0.577339, -0.368141, 0.720838, 0.587253, -0.448037, -0.690976, 0.567287, -21.1453, -6.50019, -103.939)
collision_layer = 0
joint_type = 3
joint_offset = Transform3D(1, 0, 0, 0, 1, 0, 0, 0, 1, -0.000453927, -0.00135801, 0.00147249)
body_offset = Transform3D(1, 2.37823e-05, 7.01845e-06, -7.45058e-07, 1, -1.15633e-05, -1.53482e-06, 1.47223e-05, 1, 0.000453949, 0.00135803, -0.00147247)
bone_name = "RightForeArm"
joint_constraints/angular_limit_enabled = true
joint_constraints/angular_limit_upper = 40.0
joint_constraints/angular_limit_lower = -40.0
joint_constraints/angular_limit_bias = 0.3
joint_constraints/angular_limit_softness = 0.9
joint_constraints/angular_limit_relaxation = 1.0

[node name="CollisionShape3D" type="CollisionShape3D" parent="Armature/Skeleton3D/Physical Bone RightForeArm" index="0"]
transform = Transform3D(0.334163, -0.248647, 0.909126, 0.151437, 0.966206, 0.208595, -0.93027, 0.0679704, 0.360524, 0.218525, 5.74355, -0.0655479)
shape = SubResource("CapsuleShape3D_2vj0r")

[node name="Physical Bone RightHand" type="PhysicalBone3D" parent="Armature/Skeleton3D" index="12"]
transform = Transform3D(0.366745, -0.00280628, 0.930317, -0.758371, 0.578316, 0.300706, -0.538861, -0.815808, 0.209966, -21.9312, 3.94476, -113.95)
collision_layer = 0
joint_type = 3
joint_offset = Transform3D(1, 0, 0, 0, 1, 0, 0, 0, 1, -1.52589e-05, -3.81472e-05, 1.52588e-05)
body_offset = Transform3D(1, -3.66569e-06, -3.41237e-06, -5.36442e-07, 1.00001, 3.99202e-05, 7.89762e-07, 4.47035e-07, 1, 1.52588e-05, 3.8147e-05, -1.52588e-05)
bone_name = "RightHand"
joint_constraints/angular_limit_enabled = true
joint_constraints/angular_limit_upper = 40.0
joint_constraints/angular_limit_lower = -40.0
joint_constraints/angular_limit_bias = 0.3
joint_constraints/angular_limit_softness = 0.9
joint_constraints/angular_limit_relaxation = 1.0

[node name="CollisionShape3D" type="CollisionShape3D" parent="Armature/Skeleton3D/Physical Bone RightHand" index="0"]
transform = Transform3D(0.926801, -0.0039441, -0.375532, 0.141184, -0.922935, 0.35813, -0.348004, -0.384935, -0.854821, 1.04955, 6.75398, 2.51535)
shape = SubResource("CapsuleShape3D_xewvg")

[node name="Physical Bone LeftUpLeg" type="PhysicalBone3D" parent="Armature/Skeleton3D" index="13"]
transform = Transform3D(-0.987214, 0.132471, -0.0886617, -0.0522811, 0.256364, 0.965165, 0.150586, 0.95746, -0.24616, 12.6181, 0.369026, -80.8002)
collision_layer = 0
joint_type = 3
joint_offset = Transform3D(1, 0, 0, 0, 1, 0, 0, 0, 1, -3.62388e-05, -3.0514e-05, 0.000360482)
body_offset = Transform3D(1.00003, 3.91528e-06, 1.16602e-06, 7.01752e-06, 1.00006, -4.32134e-06, 2.70829e-06, -2.5332e-06, 1.00002, 3.62396e-05, 3.05176e-05, -0.000360489)
bone_name = "LeftUpLeg"
joint_constraints/angular_limit_enabled = true
joint_constraints/angular_limit_upper = 40.0
joint_constraints/angular_limit_lower = -40.0
joint_constraints/angular_limit_bias = 0.3
joint_constraints/angular_limit_softness = 0.9
joint_constraints/angular_limit_relaxation = 1.0

[node name="CollisionShape3D" type="CollisionShape3D" parent="Armature/Skeleton3D/Physical Bone LeftUpLeg" index="0"]
transform = Transform3D(0.940793, 0.0343731, 0.337233, 0.051647, -0.997766, -0.0423826, 0.335023, 0.0572904, -0.940467, 2.1228, 10.3878, 0.0524406)
shape = SubResource("CapsuleShape3D_yee4c")

[node name="Physical Bone LeftLeg" type="PhysicalBone3D" parent="Armature/Skeleton3D" index="14"]
transform = Transform3D(-0.997523, 0.0644427, 0.0281867, 0.0203809, -0.118726, 0.992718, 0.0673199, 0.990834, 0.117118, 16.8293, 8.51993, -50.3607)
collision_layer = 0
joint_type = 3
joint_offset = Transform3D(1, 0, 0, 0, 1, 0, 0, 0, 1, -0.000116348, 6.48495e-05, -0.00014019)
body_offset = Transform3D(1, 8.94768e-07, -1.02632e-06, -1.90921e-08, 1, -3.06964e-06, -6.48201e-07, -6.70552e-07, 1, 0.000116348, -6.48499e-05, 0.00014019)
bone_name = "LeftLeg"
joint_constraints/angular_limit_enabled = true
joint_constraints/angular_limit_upper = 40.0
joint_constraints/angular_limit_lower = -40.0
joint_constraints/angular_limit_bias = 0.3
joint_constraints/angular_limit_softness = 0.9
joint_constraints/angular_limit_relaxation = 1.0

[node name="CollisionShape3D" type="CollisionShape3D" parent="Armature/Skeleton3D/Physical Bone LeftLeg" index="0"]
transform = Transform3D(0.99893, -0.00571583, -0.0459045, -0.00446022, -0.999614, 0.0274085, -0.0460435, -0.0271744, -0.99857, -0.0286179, 16.6928, 1.24654)
shape = SubResource("CapsuleShape3D_8bdk7")

[node name="Physical Bone LeftFoot" type="PhysicalBone3D" parent="Armature/Skeleton3D" index="15"]
transform = Transform3D(-0.944731, 0.321514, 0.0641216, 0.246613, 0.568049, 0.785177, 0.216021, 0.757594, -0.615943, 19.1346, 4.27303, -14.9177)
collision_layer = 0
joint_type = 3
joint_offset = Transform3D(1, 0, 0, 0, 1, 0, 0, 0, 1, -1.88348e-06, -0.000112101, -9.81978e-05)
body_offset = Transform3D(0.999986, 7.83801e-06, 0.00023441, -2.35736e-05, 1.00003, -0.000484854, 7.80821e-06, -6.88434e-06, 1.00032, 1.90735e-06, 0.000112057, 9.82285e-05)
bone_name = "LeftFoot"
joint_constraints/angular_limit_enabled = true
joint_constraints/angular_limit_upper = 40.0
joint_constraints/angular_limit_lower = -40.0
joint_constraints/angular_limit_bias = 0.3
joint_constraints/angular_limit_softness = 0.9
joint_constraints/angular_limit_relaxation = 1.0

[node name="CollisionShape3D" type="CollisionShape3D" parent="Armature/Skeleton3D/Physical Bone LeftFoot" index="0"]
transform = Transform3D(0.960388, 0.129152, -0.246932, -0.08717, 0.98088, 0.173997, 0.264683, -0.14558, 0.953284, 0.598988, 8.62345, 0.790401)
shape = SubResource("CapsuleShape3D_dsnoo")

[node name="Physical Bone LeftToeBase" type="PhysicalBone3D" parent="Armature/Skeleton3D" index="16"]
transform = Transform3D(-0.921386, 0.372924, -0.109431, 0.366245, 0.927361, 0.076592, 0.130045, 0.0304921, -0.991039, 25.7262, 16.3174, -0.0974347)
collision_layer = 0
joint_type = 3
joint_offset = Transform3D(1, 0, 0, 0, 1, 0, 0, 0, 1, 6.86649e-05, -1.1444e-05, 8.94077e-06)
body_offset = Transform3D(0.999998, 5.87106e-06, -5.62333e-06, -1.99676e-06, 0.999997, 2.01166e-07, -6.55651e-07, -4.54485e-07, 0.999997, -6.86646e-05, 1.14441e-05, -8.9407e-06)
bone_name = "LeftToeBase"
joint_constraints/angular_limit_enabled = true
joint_constraints/angular_limit_upper = 40.0
joint_constraints/angular_limit_lower = -40.0
joint_constraints/angular_limit_bias = 0.3
joint_constraints/angular_limit_softness = 0.9
joint_constraints/angular_limit_relaxation = 1.0

[node name="CollisionShape3D" type="CollisionShape3D" parent="Armature/Skeleton3D/Physical Bone LeftToeBase" index="0"]
transform = Transform3D(0.974435, -0.210401, -0.0787917, 0.22119, 0.959899, 0.172247, 0.0393911, -0.185272, 0.981897, -0.61224, 4.7936, 1.23039)
shape = SubResource("CapsuleShape3D_pmj3q")

[node name="Physical Bone RightUpLeg" type="PhysicalBone3D" parent="Armature/Skeleton3D" index="17"]
transform = Transform3D(-0.980581, -0.113013, -0.160275, -0.155955, -0.0461407, 0.986686, -0.118904, 0.992522, 0.0276198, -5.55698, -0.994068, -81.6212)
collision_layer = 0
joint_type = 3
joint_offset = Transform3D(1, 0, 0, 0, 1, 0, 0, 0, 1, -3.33795e-05, -6.10354e-05, -0.000109196)
body_offset = Transform3D(0.999985, -2.468e-08, -3.23355e-06, 2.30642e-06, 0.999998, -1.41189e-06, 7.82311e-06, 2.34693e-07, 1, 3.33786e-05, 6.10352e-05, 0.000109196)
bone_name = "RightUpLeg"
joint_constraints/angular_limit_enabled = true
joint_constraints/angular_limit_upper = 40.0
joint_constraints/angular_limit_lower = -40.0
joint_constraints/angular_limit_bias = 0.3
joint_constraints/angular_limit_softness = 0.9
joint_constraints/angular_limit_relaxation = 1.0

[node name="CollisionShape3D" type="CollisionShape3D" parent="Armature/Skeleton3D/Physical Bone RightUpLeg" index="0"]
transform = Transform3D(0.841055, -0.0904779, 0.533329, -0.202905, -0.966695, 0.155983, 0.501454, -0.239405, -0.831402, -0.50308, 9.27213, -0.764875)
shape = SubResource("CapsuleShape3D_s5ipd")

[node name="Physical Bone RightLeg" type="PhysicalBone3D" parent="Armature/Skeleton3D" index="18"]
transform = Transform3D(-0.967408, 0.153903, -0.201085, -0.22969, -0.199033, 0.952695, 0.1066, 0.967832, 0.227896, -9.15176, -2.46172, -50.0509)
collision_layer = 0
joint_type = 3
joint_offset = Transform3D(1, 0, 0, 0, 1, 0, 0, 0, 1, -3.52858e-05, -0.000122069, -0.000153543)
body_offset = Transform3D(1, 1.45286e-06, -6.85453e-07, -2.19792e-06, 1.00001, -1.63913e-07, -1.11759e-06, -5.0813e-06, 1, 3.52859e-05, 0.00012207, 0.000153542)
bone_name = "RightLeg"
joint_constraints/angular_limit_enabled = true
joint_constraints/angular_limit_upper = 40.0
joint_constraints/angular_limit_lower = -40.0
joint_constraints/angular_limit_bias = 0.3
joint_constraints/angular_limit_softness = 0.9
joint_constraints/angular_limit_relaxation = 1.0

[node name="CollisionShape3D" type="CollisionShape3D" parent="Armature/Skeleton3D/Physical Bone RightLeg" index="0"]
shape = SubResource("CapsuleShape3D_q1ayg")

[node name="Physical Bone RightFoot" type="PhysicalBone3D" parent="Armature/Skeleton3D" index="19"]
transform = Transform3D(-0.837604, -0.537469, -0.0977105, -0.35685, 0.402903, 0.842809, -0.413616, 0.740808, -0.529268, -4.0515, -9.05696, -17.9797)
collision_layer = 0
joint_type = 3
joint_offset = Transform3D(1, 0, 0, 0, 1, 0, 0, 0, 1, 0.000132566, -2.09848e-05, -1.4779e-05)
body_offset = Transform3D(0.999965, 1.2815e-06, 2.08616e-07, 3.0607e-05, 1, 8.9407e-07, -2.15173e-05, 5.96046e-08, 1.00001, -0.000132561, 2.09808e-05, 1.4782e-05)
bone_name = "RightFoot"
joint_constraints/angular_limit_enabled = true
joint_constraints/angular_limit_upper = 40.0
joint_constraints/angular_limit_lower = -40.0
joint_constraints/angular_limit_bias = 0.3
joint_constraints/angular_limit_softness = 0.9
joint_constraints/angular_limit_relaxation = 1.0

[node name="CollisionShape3D" type="CollisionShape3D" parent="Armature/Skeleton3D/Physical Bone RightFoot" index="0"]
transform = Transform3D(0.978486, -0.114633, 0.171537, 0.100932, 0.991117, 0.0865968, -0.17994, -0.0674202, 0.981364, 1.81318, 9.83714, 0.331659)
shape = SubResource("CapsuleShape3D_2otmq")

[node name="Physical Bone RightToeBase" type="PhysicalBone3D" parent="Armature/Skeleton3D" index="20"]
transform = Transform3D(-0.913144, -0.335409, 0.231666, -0.330849, 0.941808, 0.0594728, -0.238133, -0.0223393, -0.970976, -16.1609, 0.696812, -1.74248)
collision_layer = 0
joint_type = 3
joint_offset = Transform3D(1, 0, 0, 0, 1, 0, 0, 0, 1, 4.00554e-05, -2.00396e-05, -3.05174e-05)
body_offset = Transform3D(1, 7.7486e-07, 3.49935e-05, 0.000133365, 0.999991, -0.000223666, -4.353e-06, 1.70618e-06, 1, -4.00543e-05, 2.00272e-05, 3.05176e-05)
bone_name = "RightToeBase"
joint_constraints/angular_limit_enabled = true
joint_constraints/angular_limit_upper = 30.0
joint_constraints/angular_limit_lower = -30.0
joint_constraints/angular_limit_bias = 0.3
joint_constraints/angular_limit_softness = 0.9
joint_constraints/angular_limit_relaxation = 1.0

[node name="CollisionShape3D" type="CollisionShape3D" parent="Armature/Skeleton3D/Physical Bone RightToeBase" index="0"]
transform = Transform3D(0.67645, 0.354327, 0.645653, -0.319505, 0.931057, -0.176208, -0.663575, -0.0870932, 0.743023, 0, 0, 0)
shape = SubResource("CapsuleShape3D_6nso5")
