[gd_scene load_steps=23 format=3 uid="uid://b8vw12uqktt5t"]

[ext_resource type="PackedScene" uid="uid://bjpgee28aep1c" path="res://models/Player.blend" id="1_e1lph"]
[ext_resource type="Script" path="res://scripts/player/ragdoll.gd" id="2_45k2a"]

[sub_resource type="CapsuleShape3D" id="CapsuleShape3D_1bsx4"]
radius = 8.47004
height = 16.9401

[sub_resource type="CapsuleShape3D" id="CapsuleShape3D_3yvw3"]
radius = 2.48494
height = 10.239

[sub_resource type="CapsuleShape3D" id="CapsuleShape3D_f6ct0"]
radius = 1.19239
height = 11.9239

[sub_resource type="CapsuleShape3D" id="CapsuleShape3D_j3u04"]
radius = 15.0409
height = 30.0819

[sub_resource type="CapsuleShape3D" id="CapsuleShape3D_osvyc"]
radius = 1.39267
height = 13.9267

[sub_resource type="CapsuleShape3D" id="CapsuleShape3D_3osbm"]
radius = 1.5813
height = 15.813

[sub_resource type="CapsuleShape3D" id="CapsuleShape3D_0kwvx"]
radius = 1.45494
height = 14.5494

[sub_resource type="CapsuleShape3D" id="CapsuleShape3D_rv6st"]
radius = 2.50318
height = 10.7709

[sub_resource type="CapsuleShape3D" id="CapsuleShape3D_8cj57"]
radius = 1.46955
height = 14.6955

[sub_resource type="CapsuleShape3D" id="CapsuleShape3D_qb0qh"]
radius = 1.58114
height = 15.8114

[sub_resource type="CapsuleShape3D" id="CapsuleShape3D_2vj0r"]
radius = 1.44901
height = 14.4901

[sub_resource type="CapsuleShape3D" id="CapsuleShape3D_xewvg"]
radius = 2.26866
height = 13.726

[sub_resource type="CapsuleShape3D" id="CapsuleShape3D_yee4c"]
radius = 3.7585
height = 24.6304

[sub_resource type="CapsuleShape3D" id="CapsuleShape3D_8bdk7"]
radius = 3.57708
height = 30.0772

[sub_resource type="CapsuleShape3D" id="CapsuleShape3D_dsnoo"]
radius = 2.02029
height = 20.2029

[sub_resource type="CapsuleShape3D" id="CapsuleShape3D_pmj3q"]
radius = 2.81922
height = 11.8259

[sub_resource type="CapsuleShape3D" id="CapsuleShape3D_s5ipd"]
radius = 3.7509
height = 23.8619

[sub_resource type="CapsuleShape3D" id="CapsuleShape3D_q1ayg"]
radius = 3.31373
height = 33.1373

[sub_resource type="CapsuleShape3D" id="CapsuleShape3D_2otmq"]
radius = 2.24815
height = 16.4877

[sub_resource type="CapsuleShape3D" id="CapsuleShape3D_6nso5"]
radius = 2.74481
height = 21.3416

[node name="Ragdoll" instance=ExtResource("1_e1lph")]
script = ExtResource("2_45k2a")

[node name="Armature" parent="." index="0"]
transform = Transform3D(1, 0, 0, 0, -4.37114e-08, -1, 0, 1, -4.37114e-08, 0, 0, 0)

[node name="Skeleton3D" parent="Armature" index="0"]
bones/0/rotation = Quaternion(-0.710469, -0.044919, 0.012798, 0.702177)
bones/1/scale = Vector3(1, 1, 1)
bones/2/rotation = Quaternion(0.0212324, 0.0108363, 0.026444, 0.999366)
bones/4/rotation = Quaternion(-0.060009, 0.00176417, -0.00307497, 0.998192)
bones/5/rotation = Quaternion(0.0373617, 0.00638373, -0.0401712, 0.998474)
bones/6/rotation = Quaternion(0.623538, 0.365477, -0.56938, 0.391706)
bones/6/scale = Vector3(1, 1, 1)
bones/7/rotation = Quaternion(0.309578, 0.0367655, 0.219426, 0.924479)
bones/7/scale = Vector3(1, 1, 1)
bones/8/rotation = Quaternion(0.704672, -0.206807, -0.55557, -0.389885)
bones/9/rotation = Quaternion(-0.240551, -0.681691, 0.0910378, 0.684942)
bones/9/scale = Vector3(1, 1, 1)
bones/10/scale = Vector3(1, 1, 1)
bones/11/rotation = Quaternion(-0.0373968, 0.0179957, 0.0741303, 0.996385)
bones/12/rotation = Quaternion(0.000308056, -0.0236671, 0.028878, 0.999303)
bones/13/rotation = Quaternion(-4.01633e-09, -1.19209e-07, 1.06578e-07, 1)
bones/14/rotation = Quaternion(0.123267, -0.0672082, -0.15549, 0.977809)
bones/15/rotation = Quaternion(0.533186, -0.0466924, -0.264439, 0.80225)
bones/15/scale = Vector3(1, 1, 1)
bones/16/rotation = Quaternion(0.242914, 0.0828838, -0.474253, 0.842144)
bones/16/scale = Vector3(1, 1, 1)
bones/18/rotation = Quaternion(0.0985257, -0.0079921, -0.232368, 0.967592)
bones/19/rotation = Quaternion(0.660751, 0.210795, -0.117102, 0.710817)
bones/20/scale = Vector3(1, 1, 1)
bones/21/rotation = Quaternion(0.418215, -0.109771, 0.315335, 0.844755)
bones/22/rotation = Quaternion(0.585855, -0.42223, 0.548227, 0.421834)
bones/23/rotation = Quaternion(0.437611, -0.252872, -0.00792982, 0.862838)
bones/23/scale = Vector3(1, 1, 1)
bones/24/rotation = Quaternion(0.579699, -0.0972247, 0.752155, -0.297927)
bones/25/rotation = Quaternion(-0.0382902, 0.286583, -0.0903823, 0.953014)
bones/25/scale = Vector3(1, 1, 1)
bones/26/rotation = Quaternion(0.201342, 0.0929915, 0.127192, 0.966766)
bones/26/scale = Vector3(1, 1, 1)
bones/27/rotation = Quaternion(-0.0254155, -0.0189544, -0.0586387, 0.997776)
bones/28/rotation = Quaternion(2.4182e-05, 0.0277663, 0.000742866, 0.999614)
bones/28/scale = Vector3(1, 1, 1)
bones/29/rotation = Quaternion(5.08968e-07, -4.11645e-07, -1.47149e-07, 1)
bones/30/rotation = Quaternion(0.193446, 0.0729451, 0.170159, 0.963485)
bones/30/scale = Vector3(1, 1, 1)
bones/31/scale = Vector3(1, 1, 1)
bones/32/rotation = Quaternion(0.148438, 0.174975, 0.380212, 0.895984)
bones/32/scale = Vector3(1, 1, 1)
bones/33/rotation = Quaternion(0.0939201, -0.0142473, 0.131047, 0.986814)
bones/34/rotation = Quaternion(0.146257, 0.00445671, 0.188949, 0.971024)
bones/35/scale = Vector3(1, 1, 1)
bones/36/scale = Vector3(1, 1, 1)
bones/37/rotation = Quaternion(0.174272, 0.386726, 0.35049, 0.835002)
bones/38/rotation = Quaternion(0.00144163, 0.117404, 0.988144, -0.0989253)
bones/39/rotation = Quaternion(-0.18725, -0.0391645, -0.0393177, 0.980744)
bones/40/rotation = Quaternion(0.370442, -0.0906075, 0.103985, 0.918559)
bones/41/scale = Vector3(1, 1, 1)
bones/43/rotation = Quaternion(-0.0380046, -0.0237733, 0.998316, 0.0368332)
bones/43/scale = Vector3(1.00001, 1, 1.00001)
bones/44/rotation = Quaternion(-0.101053, 0.0228105, 0.116601, 0.987761)
bones/44/scale = Vector3(1, 1, 1)
bones/45/rotation = Quaternion(0.384744, 0.0313036, -0.273756, 0.880937)
bones/45/scale = Vector3(1, 1, 1)
bones/46/rotation = Quaternion(0.473504, 0.0714138, 0.0647641, 0.8755)
bones/46/scale = Vector3(1, 1, 1)

[node name="Player" parent="Armature/Skeleton3D" index="0"]
transform = Transform3D(0.012, 0, 0, 0, 0.012, 1.27897e-16, 0, -1.27897e-16, 0.012, -0.179946, 0, 0)

[node name="Physical Bone Hips" type="PhysicalBone3D" parent="Armature/Skeleton3D" index="1"]
transform = Transform3D(0.995638, 0.0458358, -0.0812711, 0.0818031, -0.00985119, 0.9966, 0.0448794, -0.9989, -0.0135577, -5.69197e-05, 2.42438, -85.496)
collision_layer = 0
joint_offset = Transform3D(1, 0, 0, 0, 1, 0, 0, 0, 1, -0.000217099, 0.00569916, -0.000192699)
body_offset = Transform3D(1, -1.75898e-05, -3.27826e-06, 1.75921e-05, 1, -1.01151e-05, 3.29316e-06, 1.00825e-05, 1, 0.000217199, -0.00569916, 0.000192642)
bone_name = "Hips"

[node name="CollisionShape3D" type="CollisionShape3D" parent="Armature/Skeleton3D/Physical Bone Hips" index="0"]
transform = Transform3D(-4.37114e-08, 1, 0, -1, -4.37114e-08, 0, 0, 0, 1, 0, 0, 0)
shape = SubResource("CapsuleShape3D_1bsx4")

[node name="Physical Bone SpineCenter" type="PhysicalBone3D" parent="Armature/Skeleton3D" index="2"]
transform = Transform3D(0.998321, -0.0049366, -0.0577051, 0.0575199, -0.0317927, 0.997838, -0.00676052, -0.999482, -0.0314553, 0.873845, 1.21152, -102.676)
collision_layer = 0
joint_type = 3
joint_offset = Transform3D(1, 0, 0, 0, 1, 0, 0, 0, 1, -0.000568453, -0.0153732, -0.00083974)
body_offset = Transform3D(1, 4.93287e-06, -2.40691e-05, -4.93368e-06, 1, 2.79769e-06, 2.40728e-05, -2.83867e-06, 1, 0.000568509, 0.0153732, 0.00083971)
bone_name = "SpineCenter"
joint_constraints/angular_limit_enabled = true
joint_constraints/angular_limit_upper = 50.0
joint_constraints/angular_limit_lower = -50.0
joint_constraints/angular_limit_bias = 0.3
joint_constraints/angular_limit_softness = 0.9
joint_constraints/angular_limit_relaxation = 1.0

[node name="CollisionShape3D" type="CollisionShape3D" parent="Armature/Skeleton3D/Physical Bone SpineCenter" index="0"]
shape = SubResource("CapsuleShape3D_3yvw3")

[node name="Physical Bone SpineUp" type="PhysicalBone3D" parent="Armature/Skeleton3D" index="3"]
transform = Transform3D(0.998323, -0.00490772, -0.0576837, 0.0574997, -0.0317533, 0.99784, -0.00672877, -0.999484, -0.0314178, 0.821004, 0.874146, -113.254)
collision_layer = 0
joint_type = 3
joint_offset = Transform3D(1, 0, 0, 0, 1, 0, 0, 0, 1, 2.28878e-05, 1.52611e-05, 4.10074e-05)
body_offset = Transform3D(1, 3.60346e-05, -2.85357e-06, -3.60368e-05, 1, -3.49656e-05, 2.86475e-06, 3.49246e-05, 1, -2.28882e-05, -1.52588e-05, -4.1008e-05)
bone_name = "SpineUp"
joint_constraints/angular_limit_enabled = true
joint_constraints/angular_limit_upper = 40.0
joint_constraints/angular_limit_lower = -40.0
joint_constraints/angular_limit_bias = 0.3
joint_constraints/angular_limit_softness = 0.9
joint_constraints/angular_limit_relaxation = 1.0

[node name="CollisionShape3D" type="CollisionShape3D" parent="Armature/Skeleton3D/Physical Bone SpineUp" index="0"]
transform = Transform3D(1, 2.3278e-10, -4.86011e-12, -2.32831e-10, 0.999782, -0.0208727, 3.00975e-16, 0.0208727, 0.999782, -9.53674e-07, 9.17044, 0.191453)
shape = SubResource("CapsuleShape3D_f6ct0")

[node name="Physical Bone Neck" type="PhysicalBone3D" parent="Armature/Skeleton3D" index="4"]
transform = Transform3D(0.998511, 0.00792063, -0.0539724, 0.0545496, -0.15078, 0.987061, -0.000319843, -0.988536, -0.150988, 0.762733, 0.494768, -125.171)
collision_layer = 0
joint_type = 3
joint_offset = Transform3D(1, 0, 0, 0, 1, 0, 0, 0, 1, -0.000612259, 2.28863e-05, 0.000396729)
body_offset = Transform3D(1, -1.80118e-06, 2.19792e-07, 1.79559e-06, 1, 7.58469e-06, -2.04891e-07, -7.6443e-06, 1, 0.000612259, -2.28882e-05, -0.000396729)
bone_name = "Neck"
joint_constraints/angular_limit_enabled = true
joint_constraints/angular_limit_upper = 40.0
joint_constraints/angular_limit_lower = -40.0
joint_constraints/angular_limit_bias = 0.3
joint_constraints/angular_limit_softness = 0.9
joint_constraints/angular_limit_relaxation = 1.0

[node name="CollisionShape3D" type="CollisionShape3D" parent="Armature/Skeleton3D/Physical Bone Neck" index="0"]
transform = Transform3D(1, -9.31325e-09, 9.09495e-13, -4.23516e-22, -4.37116e-08, 1, -9.31323e-09, -1, -4.37058e-08, 0, 0, 0)
shape = SubResource("CapsuleShape3D_j3u04")

[node name="Physical Bone LeftShoulder" type="PhysicalBone3D" parent="Armature/Skeleton3D" index="5"]
transform = Transform3D(0.141748, 0.89826, -0.415977, -0.989679, 0.137534, -0.0402514, 0.0210549, 0.417389, 0.908484, 6.29028, 0.753321, -122.758)
collision_layer = 0
joint_type = 3
joint_offset = Transform3D(1, 0, 0, 0, 1, 0, 0, 0, 1, -1.12056e-05, 6.86643e-05, 0.000144958)
body_offset = Transform3D(1, 5.96046e-08, -1.017e-06, -8.9407e-08, 1, 1.88267e-06, 9.83477e-07, -1.80304e-06, 1, 1.12057e-05, -6.86646e-05, -0.000144958)
bone_name = "LeftShoulder"
joint_constraints/angular_limit_enabled = true
joint_constraints/angular_limit_upper = 40.0
joint_constraints/angular_limit_lower = -40.0
joint_constraints/angular_limit_bias = 0.3
joint_constraints/angular_limit_softness = 0.9
joint_constraints/angular_limit_relaxation = 1.0

[node name="CollisionShape3D" type="CollisionShape3D" parent="Armature/Skeleton3D/Physical Bone LeftShoulder" index="0"]
transform = Transform3D(0.976929, 0.168019, -0.131828, 0.142219, -0.0513356, 0.988503, 0.15932, -0.984446, -0.0740467, -3.22861, 1.64453, 4.96384)
shape = SubResource("CapsuleShape3D_osvyc")

[node name="Physical Bone LeftArm" type="PhysicalBone3D" parent="Armature/Skeleton3D" index="6"]
transform = Transform3D(0.484358, 0.340484, -0.805896, -0.835504, 0.453233, -0.310666, 0.259481, 0.823803, 0.504003, 17.7479, 2.50771, -117.434)
collision_layer = 0
joint_type = 3
joint_offset = Transform3D(1, 0, 0, 0, 1, 0, 0, 0, 1, 5.34055e-05, -9.91823e-05, -8.39232e-05)
body_offset = Transform3D(1, -1.37091e-06, -1.49012e-06, 1.2815e-06, 1, -1.40071e-06, 1.46031e-06, 1.47521e-06, 1, -5.34058e-05, 9.91821e-05, 8.39233e-05)
bone_name = "LeftArm"
joint_constraints/angular_limit_enabled = true
joint_constraints/angular_limit_upper = 40.0
joint_constraints/angular_limit_lower = -40.0
joint_constraints/angular_limit_bias = 0.3
joint_constraints/angular_limit_softness = 0.9
joint_constraints/angular_limit_relaxation = 1.0

[node name="CollisionShape3D" type="CollisionShape3D" parent="Armature/Skeleton3D/Physical Bone LeftArm" index="0"]
transform = Transform3D(0.362394, -0.0545976, 0.930425, 0.0996372, 0.994831, 0.019569, -0.926684, 0.0856132, 0.365961, -0.902054, 4.85508, -1.73254)
shape = SubResource("CapsuleShape3D_3osbm")

[node name="Physical Bone LeftForeArm" type="PhysicalBone3D" parent="Armature/Skeleton3D" index="7"]
transform = Transform3D(0.953158, -0.301213, 0.0275882, 0.109328, 0.42812, 0.897085, -0.282025, -0.852047, 0.440996, 23.1319, 9.67346, -104.407)
collision_layer = 0
joint_type = 3
joint_offset = Transform3D(1, 0, 0, 0, 1, 0, 0, 0, 1, 0.000198363, 0.000343325, 0.001091)
body_offset = Transform3D(1, 1.0021e-06, 5.28991e-07, -9.68575e-07, 1, -1.60933e-06, -5.43892e-07, 1.69873e-06, 1, -0.000198364, -0.000343323, -0.001091)
bone_name = "LeftForeArm"
joint_constraints/angular_limit_enabled = false
joint_constraints/angular_limit_upper = 40.0
joint_constraints/angular_limit_lower = -40.0
joint_constraints/angular_limit_bias = 0.3
joint_constraints/angular_limit_softness = 0.9
joint_constraints/angular_limit_relaxation = 1.0

[node name="CollisionShape3D" type="CollisionShape3D" parent="Armature/Skeleton3D/Physical Bone LeftForeArm" index="0"]
transform = Transform3D(-0.731354, -0.119625, 0.671425, 0.115373, -0.992009, -0.0510708, 0.672168, 0.0401135, 0.739311, -0.345456, 7.55044, 1.09631)
shape = SubResource("CapsuleShape3D_0kwvx")

[node name="Physical Bone LeftHand" type="PhysicalBone3D" parent="Armature/Skeleton3D" index="8"]
transform = Transform3D(-0.060308, -0.0801428, -0.994957, 0.998144, -0.0132626, -0.0594329, -0.00843263, -0.996695, 0.0807939, 18.7495, 15.9034, -116.804)
collision_layer = 0
joint_type = 3
joint_offset = Transform3D(1, 0, 0, 0, 1, 0, 0, 0, 1, 8.58308e-05, 3.05178e-05, -7.05717e-05)
body_offset = Transform3D(1, -6.50063e-07, 7.22706e-07, 6.87316e-07, 1, 3.39834e-06, -7.33882e-07, -3.47785e-06, 1, -8.58307e-05, -3.05176e-05, 7.05719e-05)
bone_name = "LeftHand"
joint_constraints/angular_limit_enabled = false
joint_constraints/angular_limit_upper = 40.0
joint_constraints/angular_limit_lower = -40.0
joint_constraints/angular_limit_bias = 0.3
joint_constraints/angular_limit_softness = 0.9
joint_constraints/angular_limit_relaxation = 1.0

[node name="CollisionShape3D" type="CollisionShape3D" parent="Armature/Skeleton3D/Physical Bone LeftHand" index="0"]
transform = Transform3D(0.875182, -0.0136832, 0.4836, -0.0956307, -0.98477, 0.145202, 0.474248, -0.173325, -0.863161, -0.0557632, 6.052, 2.88853)
shape = SubResource("CapsuleShape3D_rv6st")

[node name="Physical Bone RightShoulder" type="PhysicalBone3D" parent="Armature/Skeleton3D" index="9"]
transform = Transform3D(-0.0151721, -0.956042, 0.292838, 0.999885, -0.0146509, 0.00397308, 0.0004919, 0.292865, 0.956154, -4.72343, 0.0950326, -122.683)
collision_layer = 0
joint_type = 3
joint_offset = Transform3D(1, 0, 0, 0, 1, 0, 0, 0, 1, 4.4837e-05, 0.000869803, -0.00146481)
body_offset = Transform3D(1, 2.04891e-06, 5.92694e-06, -1.96882e-06, 1, 3.5423e-05, -5.98328e-06, -3.53e-05, 1, -4.48301e-05, -0.000869751, 0.00146484)
bone_name = "RightShoulder"
joint_constraints/angular_limit_enabled = false
joint_constraints/angular_limit_upper = 40.0
joint_constraints/angular_limit_lower = -40.0
joint_constraints/angular_limit_bias = 0.3
joint_constraints/angular_limit_softness = 0.9
joint_constraints/angular_limit_relaxation = 1.0

[node name="CollisionShape3D" type="CollisionShape3D" parent="Armature/Skeleton3D/Physical Bone RightShoulder" index="0"]
transform = Transform3D(1, -1.86265e-09, -8.1419e-17, 0, -4.37114e-08, 1, -1.86265e-09, -1, -4.37114e-08, -0.485477, 0.963753, 8.21557)
shape = SubResource("CapsuleShape3D_8cj57")

[node name="Physical Bone RightArm" type="PhysicalBone3D" parent="Armature/Skeleton3D" index="10"]
transform = Transform3D(0.337214, -0.36425, 0.868106, 0.87703, -0.213639, -0.430321, 0.342206, 0.906466, 0.247416, -16.9189, -0.0904181, -118.948)
collision_layer = 0
joint_type = 3
joint_offset = Transform3D(1, 0, 0, 0, 1, 0, 0, 0, 1, -0.00114822, 0.00101471, 0.000469213)
body_offset = Transform3D(1, -1.68383e-06, -5.03659e-06, 1.81794e-06, 1, -5.96046e-07, 4.97699e-06, 7.15256e-07, 1, 0.00114822, -0.00101471, -0.000469208)
bone_name = "RightArm"
joint_constraints/angular_limit_enabled = true
joint_constraints/angular_limit_upper = 40.0
joint_constraints/angular_limit_lower = -40.0
joint_constraints/angular_limit_bias = 0.3
joint_constraints/angular_limit_softness = 0.9
joint_constraints/angular_limit_relaxation = 1.0

[node name="CollisionShape3D" type="CollisionShape3D" parent="Armature/Skeleton3D/Physical Bone RightArm" index="0"]
transform = Transform3D(0.450641, -0.0753635, 0.889518, 0.0588421, 0.996771, 0.0546402, -0.890764, 0.027718, 0.45362, 0.639542, 0.87545, 0.0269623)
shape = SubResource("CapsuleShape3D_qb0qh")

[node name="Physical Bone RightForeArm" type="PhysicalBone3D" parent="Armature/Skeleton3D" index="11"]
transform = Transform3D(0.860336, -0.0209959, 0.509295, -0.362387, 0.67746, 0.640097, -0.358467, -0.73526, 0.575234, -22.679, -3.46994, -104.617)
collision_layer = 0
joint_type = 3
joint_offset = Transform3D(1, 0, 0, 0, 1, 0, 0, 0, 1, -0.00045395, -0.00135801, 0.00148012)
body_offset = Transform3D(1, 7.15256e-07, 1.46031e-06, -7.45058e-07, 1, -1.48714e-05, -1.56462e-06, 1.46627e-05, 1, 0.000453949, 0.00135803, -0.0014801)
bone_name = "RightForeArm"
joint_constraints/angular_limit_enabled = true
joint_constraints/angular_limit_upper = 40.0
joint_constraints/angular_limit_lower = -40.0
joint_constraints/angular_limit_bias = 0.3
joint_constraints/angular_limit_softness = 0.9
joint_constraints/angular_limit_relaxation = 1.0

[node name="CollisionShape3D" type="CollisionShape3D" parent="Armature/Skeleton3D/Physical Bone RightForeArm" index="0"]
transform = Transform3D(0.334163, -0.248647, 0.909126, 0.151437, 0.966206, 0.208595, -0.93027, 0.0679704, 0.360524, 0.218525, 5.74355, -0.0655479)
shape = SubResource("CapsuleShape3D_2vj0r")

[node name="Physical Bone RightHand" type="PhysicalBone3D" parent="Armature/Skeleton3D" index="12"]
transform = Transform3D(0.434373, 0.0451782, 0.899599, -0.773731, 0.530044, 0.346978, -0.461151, -0.846766, 0.265192, -22.983, 6.34659, -115.27)
collision_layer = 0
joint_type = 3
joint_offset = Transform3D(1, 0, 0, 0, 1, 0, 0, 0, 1, -1.14441e-05, -3.8147e-05, 1.90735e-05)
body_offset = Transform3D(1, 5.66244e-07, -8.34465e-07, -5.66244e-07, 1, -6.25849e-07, 7.7486e-07, 4.47035e-07, 1, 1.14441e-05, 3.8147e-05, -1.90735e-05)
bone_name = "RightHand"
joint_constraints/angular_limit_enabled = true
joint_constraints/angular_limit_upper = 40.0
joint_constraints/angular_limit_lower = -40.0
joint_constraints/angular_limit_bias = 0.3
joint_constraints/angular_limit_softness = 0.9
joint_constraints/angular_limit_relaxation = 1.0

[node name="CollisionShape3D" type="CollisionShape3D" parent="Armature/Skeleton3D/Physical Bone RightHand" index="0"]
transform = Transform3D(0.926801, -0.0039441, -0.375532, 0.141184, -0.922935, 0.35813, -0.348004, -0.384935, -0.854821, 1.04955, 6.75398, 2.51535)
shape = SubResource("CapsuleShape3D_xewvg")

[node name="Physical Bone LeftUpLeg" type="PhysicalBone3D" parent="Armature/Skeleton3D" index="13"]
transform = Transform3D(-0.987214, 0.132471, -0.0886618, -0.0522811, 0.256364, 0.965165, 0.150586, 0.95746, -0.24616, 8.86396, 3.40814, -80.6845)
collision_layer = 0
joint_type = 3
joint_offset = Transform3D(1, 0, 0, 0, 1, 0, 0, 0, 1, -3.62389e-05, -3.05183e-05, 0.000358582)
body_offset = Transform3D(0.999998, -7.04359e-06, -2.71201e-06, 7.02124e-06, 1, 2.563e-06, 2.69711e-06, -2.5481e-06, 0.999999, 3.62396e-05, 3.05176e-05, -0.000358582)
bone_name = "LeftUpLeg"
joint_constraints/angular_limit_enabled = true
joint_constraints/angular_limit_upper = 40.0
joint_constraints/angular_limit_lower = -40.0
joint_constraints/angular_limit_bias = 0.3
joint_constraints/angular_limit_softness = 0.9
joint_constraints/angular_limit_relaxation = 1.0

[node name="CollisionShape3D" type="CollisionShape3D" parent="Armature/Skeleton3D/Physical Bone LeftUpLeg" index="0"]
transform = Transform3D(0.940793, 0.0343731, 0.337233, 0.051647, -0.997766, -0.0423826, 0.335023, 0.0572904, -0.940467, 2.1228, 10.3878, 0.0524406)
shape = SubResource("CapsuleShape3D_yee4c")

[node name="Physical Bone LeftLeg" type="PhysicalBone3D" parent="Armature/Skeleton3D" index="14"]
transform = Transform3D(-0.997523, 0.0644428, 0.0281867, 0.0203809, -0.118726, 0.992718, 0.06732, 0.990834, 0.117119, 13.0751, 11.559, -50.245)
collision_layer = 0
joint_type = 3
joint_offset = Transform3D(1, 0, 0, 0, 1, 0, 0, 0, 1, -0.000116348, 6.48502e-05, -0.000139713)
body_offset = Transform3D(0.999998, -2.62866e-07, 6.22123e-07, -1.11759e-08, 1, 1.83284e-06, -6.46338e-07, -6.63102e-07, 0.999998, 0.000116348, -6.48499e-05, 0.000139713)
bone_name = "LeftLeg"
joint_constraints/angular_limit_enabled = true
joint_constraints/angular_limit_upper = 40.0
joint_constraints/angular_limit_lower = -40.0
joint_constraints/angular_limit_bias = 0.3
joint_constraints/angular_limit_softness = 0.9
joint_constraints/angular_limit_relaxation = 1.0

[node name="CollisionShape3D" type="CollisionShape3D" parent="Armature/Skeleton3D/Physical Bone LeftLeg" index="0"]
transform = Transform3D(0.99893, -0.00571583, -0.0459045, -0.00446022, -0.999614, 0.0274085, -0.0460435, -0.0271744, -0.99857, -0.0286179, 16.6928, 1.24654)
shape = SubResource("CapsuleShape3D_8bdk7")

[node name="Physical Bone LeftFoot" type="PhysicalBone3D" parent="Armature/Skeleton3D" index="15"]
transform = Transform3D(-0.944731, 0.321514, 0.0641216, 0.246613, 0.56805, 0.785176, 0.216021, 0.757594, -0.615944, 15.3804, 7.31212, -14.802)
collision_layer = 0
joint_type = 3
joint_offset = Transform3D(1, 0, 0, 0, 1, 0, 0, 0, 1, 1.94259e-09, -0.000112056, -9.72757e-05)
body_offset = Transform3D(0.999998, 2.41399e-05, -7.83801e-06, -2.35885e-05, 1, 5.75185e-06, 7.77841e-06, -6.94394e-06, 0.999999, 0, 0.000112057, 9.72748e-05)
bone_name = "LeftFoot"
joint_constraints/angular_limit_enabled = true
joint_constraints/angular_limit_upper = 40.0
joint_constraints/angular_limit_lower = -40.0
joint_constraints/angular_limit_bias = 0.3
joint_constraints/angular_limit_softness = 0.9
joint_constraints/angular_limit_relaxation = 1.0

[node name="CollisionShape3D" type="CollisionShape3D" parent="Armature/Skeleton3D/Physical Bone LeftFoot" index="0"]
transform = Transform3D(0.960388, 0.129152, -0.246932, -0.08717, 0.98088, 0.173997, 0.264683, -0.14558, 0.953284, 0.598988, 8.62345, 0.790401)
shape = SubResource("CapsuleShape3D_dsnoo")

[node name="Physical Bone LeftToeBase" type="PhysicalBone3D" parent="Armature/Skeleton3D" index="16"]
transform = Transform3D(-0.936452, 0.320199, -0.143282, 0.312916, 0.947095, 0.0713811, 0.158558, 0.0220097, -0.987104, 21.972, 19.3565, 0.0183107)
collision_layer = 0
joint_type = 3
joint_offset = Transform3D(1, 0, 0, 0, 1, 0, 0, 0, 1, 6.67574e-05, -9.53662e-06, 8.70232e-06)
body_offset = Transform3D(0.999998, 2.26498e-06, 3.5204e-07, -1.99676e-06, 0.999998, -4.69387e-07, -6.18398e-07, -4.54485e-07, 1, -6.67572e-05, 9.53674e-06, -8.70228e-06)
bone_name = "LeftToeBase"
joint_constraints/angular_limit_enabled = true
joint_constraints/angular_limit_upper = 40.0
joint_constraints/angular_limit_lower = -40.0
joint_constraints/angular_limit_bias = 0.3
joint_constraints/angular_limit_softness = 0.9
joint_constraints/angular_limit_relaxation = 1.0

[node name="CollisionShape3D" type="CollisionShape3D" parent="Armature/Skeleton3D/Physical Bone LeftToeBase" index="0"]
transform = Transform3D(0.974435, -0.210401, -0.0787917, 0.22119, 0.959899, 0.172247, 0.0393911, -0.185272, 0.981897, -0.61224, 4.7936, 1.23039)
shape = SubResource("CapsuleShape3D_pmj3q")

[node name="Physical Bone RightUpLeg" type="PhysicalBone3D" parent="Armature/Skeleton3D" index="17"]
transform = Transform3D(-0.980582, -0.113013, -0.160275, -0.155955, -0.0461407, 0.986686, -0.118904, 0.992522, 0.0276198, -9.31116, 2.04504, -81.5054)
collision_layer = 0
joint_type = 3
joint_offset = Transform3D(1, 0, 0, 0, 1, 0, 0, 0, 1, -3.43336e-05, -5.34057e-05, -0.000109316)
body_offset = Transform3D(0.99999, -2.29292e-06, -7.79331e-06, 2.31341e-06, 1, -1.8999e-07, 7.82311e-06, 2.38419e-07, 0.99999, 3.43323e-05, 5.34058e-05, 0.000109315)
bone_name = "RightUpLeg"
joint_constraints/angular_limit_enabled = true
joint_constraints/angular_limit_upper = 40.0
joint_constraints/angular_limit_lower = -40.0
joint_constraints/angular_limit_bias = 0.3
joint_constraints/angular_limit_softness = 0.9
joint_constraints/angular_limit_relaxation = 1.0

[node name="CollisionShape3D" type="CollisionShape3D" parent="Armature/Skeleton3D/Physical Bone RightUpLeg" index="0"]
transform = Transform3D(0.841055, -0.0904779, 0.533329, -0.202905, -0.966695, 0.155983, 0.501454, -0.239405, -0.831402, -0.50308, 9.27213, -0.764875)
shape = SubResource("CapsuleShape3D_s5ipd")

[node name="Physical Bone RightLeg" type="PhysicalBone3D" parent="Armature/Skeleton3D" index="18"]
transform = Transform3D(-0.967408, 0.153903, -0.201085, -0.22969, -0.199033, 0.952695, 0.1066, 0.967832, 0.227896, -12.9059, 0.57739, -49.9351)
collision_layer = 0
joint_type = 3
joint_offset = Transform3D(1, 0, 0, 0, 1, 0, 0, 0, 1, -3.52851e-05, -0.000118255, -0.000153544)
body_offset = Transform3D(0.999991, 6.49318e-06, 2.05636e-06, -2.20537e-06, 0.999999, 9.0301e-06, -1.11759e-06, -5.1111e-06, 0.999991, 3.52859e-05, 0.000118256, 0.000153542)
bone_name = "RightLeg"
joint_constraints/angular_limit_enabled = true
joint_constraints/angular_limit_upper = 40.0
joint_constraints/angular_limit_lower = -40.0
joint_constraints/angular_limit_bias = 0.3
joint_constraints/angular_limit_softness = 0.9
joint_constraints/angular_limit_relaxation = 1.0

[node name="CollisionShape3D" type="CollisionShape3D" parent="Armature/Skeleton3D/Physical Bone RightLeg" index="0"]
shape = SubResource("CapsuleShape3D_q1ayg")

[node name="Physical Bone RightFoot" type="PhysicalBone3D" parent="Armature/Skeleton3D" index="19"]
transform = Transform3D(-0.837604, -0.537469, -0.0977105, -0.35685, 0.402903, 0.842809, -0.413616, 0.740808, -0.529268, -7.80568, -6.01786, -17.8639)
collision_layer = 0
joint_type = 3
joint_offset = Transform3D(1, 0, 0, 0, 1, 0, 0, 0, 1, 0.000133515, -2.09851e-05, -1.43023e-05)
body_offset = Transform3D(0.999991, -3.51816e-05, 2.48551e-05, 3.06219e-05, 0.999996, -8.76188e-06, -2.15173e-05, 2.98023e-08, 0.999993, -0.000133514, 2.09808e-05, 1.43051e-05)
bone_name = "RightFoot"
joint_constraints/angular_limit_enabled = true
joint_constraints/angular_limit_upper = 40.0
joint_constraints/angular_limit_lower = -40.0
joint_constraints/angular_limit_bias = 0.3
joint_constraints/angular_limit_softness = 0.9
joint_constraints/angular_limit_relaxation = 1.0

[node name="CollisionShape3D" type="CollisionShape3D" parent="Armature/Skeleton3D/Physical Bone RightFoot" index="0"]
transform = Transform3D(0.978486, -0.114633, 0.171537, 0.100932, 0.991117, 0.0865968, -0.17994, -0.0674202, 0.981364, 1.81318, 9.83714, 0.331659)
shape = SubResource("CapsuleShape3D_2otmq")

[node name="Physical Bone RightToeBase" type="PhysicalBone3D" parent="Armature/Skeleton3D" index="20"]
transform = Transform3D(-0.913144, -0.335409, 0.231666, -0.330849, 0.941808, 0.0594727, -0.238133, -0.0223393, -0.970976, -19.915, 3.73592, -1.62668)
collision_layer = 0
joint_type = 3
joint_offset = Transform3D(1, 0, 0, 0, 1, 0, 0, 0, 1, 3.81448e-05, -2.09861e-05, -3.00405e-05)
body_offset = Transform3D(0.99999, -0.000133187, 6.74464e-06, 0.000133336, 0.99999, -1.12131e-06, -4.34555e-06, 1.70246e-06, 1, -3.8147e-05, 2.09808e-05, 3.00407e-05)
bone_name = "RightToeBase"
joint_constraints/angular_limit_enabled = true
joint_constraints/angular_limit_upper = 30.0
joint_constraints/angular_limit_lower = -30.0
joint_constraints/angular_limit_bias = 0.3
joint_constraints/angular_limit_softness = 0.9
joint_constraints/angular_limit_relaxation = 1.0

[node name="CollisionShape3D" type="CollisionShape3D" parent="Armature/Skeleton3D/Physical Bone RightToeBase" index="0"]
transform = Transform3D(0.67645, 0.354327, 0.645653, -0.319505, 0.931057, -0.176208, -0.663575, -0.0870932, 0.743023, 0, 0, 0)
shape = SubResource("CapsuleShape3D_6nso5")
